6.975835834827198489e+00 0.000000000000000000e+00 9.894836521945867824e-01 1.915241039642531229e+00 -6.512729680458423376e-01 -1.728128599336960836e+00 -1.089369975318738470e+00 1.513903016915707722e+00 1.726977914017525206e+00
-8.153886846030223623e+00 0.000000000000000000e+00 -3.219908070301699787e+00 6.099511351237640433e+00 6.053515926092116750e-01 -1.021393120733814941e+00 -1.178688075765905952e+00 5.734985986247072981e-02 -1.647844542758776232e+00
8.720645304616141402e+00 0.000000000000000000e+00 2.247838348838997025e+00 3.748275023282086504e+00 1.176019684876368432e+00 2.869775139279047149e+00 2.952927798367793955e+00 4.717669892658744174e-02 -1.484583658381747462e+01
1.459129298512072292e+00 0.000000000000000000e+00 -1.266468216829075732e+00 1.464526160611422378e-01 4.724827177786252719e+00 1.331347739270705155e+00 1.757329172340267032e-01 -4.781827263447643306e-01 -9.595958715187850041e-01
4.247717961297333145e-01 0.000000000000000000e+00 4.019601055692285652e-01 -6.410606177537383488e-01 1.964307028325528615e+00 1.213033769037674015e+00 2.448137141884661361e+00 1.453239672543572558e-01 3.228369270651946787e-01
3.327087565021738413e+00 0.000000000000000000e+00 3.129982069947040646e+00 6.900939313070532100e-01 2.321851663611502303e+00 1.143864136225251960e+00 1.217423546734107909e+00 1.161413836713590664e+00 6.254183905927271914e-01
-4.161061612240085084e-01 0.000000000000000000e+00 -5.128507472191869976e-01 1.132075449091900721e+00 -1.489042694289598678e+00 1.283400590558704479e+00 7.983740766582141379e-01 -9.347720582257399435e-01 -5.683295892877942013e-01
6.001626923857389606e+00 0.000000000000000000e+00 2.149727515377975795e+00 2.815076238483849025e+00 3.067713207627565719e+00 3.089675602888517947e+00 2.059201082785757642e+00 1.263140842340554126e+00 -3.290485543592202577e-01
5.597825078963999168e+00 0.000000000000000000e+00 2.397492385340668442e+00 6.829874353471731219e+00 1.441476389477370779e+00 -3.366768570782918690e-01 1.340990461755009555e+01 9.111089604873973125e-01 -4.209984986934558471e-01
1.639821908100681069e+00 0.000000000000000000e+00 1.357620006618361685e+00 6.099203174503677438e+00 -1.020965946143552294e+01 2.296481734152796328e+00 3.830113080240743706e+00 2.168599777376242876e+00 -4.920300092161333794e+00
-2.128387064388428396e+00 0.000000000000000000e+00 -4.296072940443647070e+00 2.848835967030187155e-01 3.006727913719032586e+00 -1.995029835960451456e-02 2.120183501335542314e-02 -4.226703793585624425e-01 2.916319882999421353e-01
-1.124272025520014573e+01 0.000000000000000000e+00 -2.413513158018815830e+00 8.831802572863975964e-01 2.171477176780081675e-01 -2.171879361780048256e+00 4.072229171690587290e-01 2.319716000935016786e-01 1.855465145060022081e-01
3.120717118219350494e-01 0.000000000000000000e+00 -1.900728903405575210e+00 1.165595001393697622e-01 7.364374364151284880e-01 -1.922428056416666253e-01 -9.871639905991309583e-01 5.152875383668533704e-01 7.345628853085349741e-01
2.202152843807295923e+00 0.000000000000000000e+00 1.072170855416408441e+00 3.731942145265938926e+00 6.898279534972876492e-01 4.109861376176908165e-01 3.908305351526342175e-01 5.183743801337065138e-01 6.328729164932942464e-01
2.581388287687554239e+00 0.000000000000000000e+00 3.545086786058067041e-01 2.661912491079198251e+00 2.986095766612156588e+00 6.361320063184674467e-01 7.799462667787169234e-01 -1.642207333946850811e+00 -3.959104880810498384e-01
1.100674502825694345e+00 0.000000000000000000e+00 -2.564504198807770141e+00 3.874615667287122922e-01 -2.137547411640468853e-01 -2.218953162020708803e+00 -1.886928198762615239e+01 -1.407453291017613184e+00 -3.157402604439525362e-01
-5.617594015478432068e-01 0.000000000000000000e+00 -4.091617335691035251e+00 -4.975232303262062672e+00 3.715790583015107229e-01 -4.183931344032737698e+00 -6.388370301706567389e+00 2.840467393135929219e-01 5.655473746740777852e-01
1.224293089388451689e-01 0.000000000000000000e+00 -1.767948368921145930e+00 7.265051305125895809e-01 7.004544773452399120e-01 3.266401714961020830e-01 -1.227058841479014228e+00 -3.757648337952628648e+00 -1.556014574223519631e+00
1.051942946666315631e-01 0.000000000000000000e+00 -3.444880651564250496e+00 9.132365462186304850e-01 8.001162842266823505e-01 -1.948012705676036849e-01 -1.158708711888292386e+00 -4.001019053867922004e+00 1.440978720192039431e+00
2.031515665745358579e+00 0.000000000000000000e+00 1.291131234473587297e-01 1.119299651867321499e+00 2.459294932907736708e+00 1.185215143361710632e+00 4.451395783271995255e-01 -7.715281400013738189e-01 -3.833166125280538683e+00
3.931518590800771928e+00 0.000000000000000000e+00 7.036330104304275856e-01 -3.184658474333504241e+00 7.508188414751136852e-01 -5.900415599808580325e+00 1.209950635457592627e+00 -4.766927748312927982e+00 -3.078291304483074420e+00
-1.234150578116668129e+01 0.000000000000000000e+00 -7.823543841990634462e+00 1.270809547438869758e-01 6.041154958554370569e-02 -3.230920760816041182e-01 5.118980184879348694e-02 8.652668239567980202e-02 -1.107640896658308893e+00
-6.369576156211964602e+00 0.000000000000000000e+00 -4.400667170305335163e-01 -5.663697694056830934e-02 8.263037566835109704e-01 -5.562460972151724858e-01 -9.749388400532836840e-01 -3.779895329963188777e-01 -5.031342543942091128e-01
-4.757403221884217714e-01 0.000000000000000000e+00 -2.758722718656936856e-01 2.334953890006942423e+00 -5.262390103948937359e-01 -4.564098526664152056e-01 -4.890572583324858669e-01 9.321003540772082596e-01 2.529221094954333449e+00
